1144838776175202316

1134785179655868476

1131695250696577235

1113396161382981684

1134782569326583848

1134787552155537523

1134790201579933758

1134784038511579217

1106893138368397362

1134781327112155222

1134786201417699440

1134784064784703508

1136957861843443764

1134787005235068998

1126365826891645028

1134788184543350805

1134788127957975072

890368058047234059

1134788679769014272

1134790044738125875

1134787003397980220

1134853722204287016

1134785726383411272

1134788326080118847

1135510301165490326

1134787617657978990

1134790077868937266

1145275174208426015

1134787107458666516

1145186780656705647

1134783513636372560

1134789005351850046

1107726139134320710

1134786812691357758

1134786753467789342

1134788194534166539

1134784315310485574

1134789824071610379

1134781047540817940

1115172698717421579

1136487125332791467

1133926453394804847

1134781510898171997

1137113849926012972

1134787758662090812

1134995678116970506

880692768396169246

1115906227747168256

1134780637170110504

1134786076041547829

1134783419784634459

1134780703100387418

1135124256284483664

1134790459500277790

1113205018884059177

1135236982549778454

1134784592730148895

1127687383874289695

1128274278689812540

1134780162840473770

1134787473076142140

1134787778308219000

1144926434410901535

1134784467718905896

1112632284290482207

1134787853755351081

1134789491295531108

1134788739995009024

1134789680521543750

1134788088409899008

1134781445102121051

1134783443281129573

1134788496503099434

1113780209632690176

1103842351220264980

1134787765888880691

1134786640481615872

1134789700922654751

1126495847782305804

1134790082516226052

1134785720775618661

1134789496936869909

1145353287227412521

1123309631507280012

1134789940333514782

1134788219221856276

1134783990201602068

1134998746002882621

1134353498989936731

1134789660107874367

873067733229637702

1135157355340890112

1115941071680180304

1134790056842895409

1134789138193858640

1134788496847011950

1134788848216453140

1125282632868057098

1134789277847396473

1134789055364747355

1134784261757607946

1134787852455137300

1144906534355214349

1134788973185732671

1133050771722743808

1134789386714755154

1134783908731432970

1134787700784910478

1132328699723776041

1134787127499038824

1134790341619368017

1112936713808007339

1033462951191003257

1134788997500121159

1134786561578381322

1134789248969625741

1134782959761760336

1134789325314343012

1134790280881639454

1134788874128867328

1134784147559305316

1134786558642364477

1126501610986676294

1134790009254322206

1145499068039180329

1114421506626297887

1134788614685982781

1135085158450606141

1134790055911755797

1104277925043376219

1134785545021702164

1135555702602072124

1101803564277452861

1134787694405361756

1134789791133736970

1134790217484746773

1136436970214653962

1134788707073925150

1134787653347319818

1114512271129980988

1134787670632050688

1134789243550568458

1134780865302511736

1134786739014226001

1135084415660335134

1121187812054663288

1134783943602880623

1134693246153535588

1134788925907550319

1134789848541184062

1134788817858076733

1135207634249715752

1134783229551984660

1144863919970725991

1120166155705921638

1134785949545545830

1138496821086388364

1134787070867558470

1134787814375039036

1134788062019334224

1134786361153568809

1134784535607914569

1134790510100361336

1134785113524277288

1144875855164756008

1136652258692583444

1134789755050143834

1131985431047720981

1134786832698183700

1134781648156758106

1036207394881015808

1134787881467117578

1134780754132467742

1134782998626193449

1134788286720770158

1134021319952969749

1134788464148221962

1134785740203638804

1145184271556943954

1113764201605906474

1134785118477762611

1134787079243567135

1134788275337429062

1135086673810694155

1134790175424270367

1134786699034099773

1134929010032382073

1134784032316596316

1138294422778421288

1134786528552431637

1134787878468190210

1134788519290732584

1134786366555824261

1134788124766113853

1117681809489137667

1134788358372081704

1134781472448991263

1145450753004159088

1134786974293704744

1134786609674473542

1134790069195132998

1134790227819515934

1134781526349983874

1134786997148467261

1124897302641909780

1134789013992124486

1134782315009146951

1134788982207696927

1134785295557066772

1134786774439309403

1134782638608093194

1134783283528466512

1134787617305669682

1134786722346053652

1135988162326446100

1134786620239921153

1134784012301369375

1145396636525277234

1134785870982021170

828289592296734820

1112152689023909900

1113796489198698496

1134785290867843212

1134788237366403104

1114648630738038854

1134785985633325139

1134785310069375078

1134786819188338728

1134788469638578218

1128490602443583579

1134785834277670942

1122557280978747430

1134784780546875452

1134785847519084605

1134779568142684250

1134785897330647073

1134788065978757190

1134784829867688016

1126489925353754644

1134789599651172503

1134781065727320094

1134786582981922816

1134785784965234769

916223774892912640

1134789971606245386

1116770666918719599

1134783598193541170

1134788191845617686

1134788176398004244

1136423619455615096

1134786307978182666

1134234327216046221

1134783649762521119

1134781404132167680

1134788968429404283

1134783297872990258

1134780537760919672

1134786661222461502

1134789634560372856

1134786732026503210

1126494050443350086

1134785272891060315

1115649288454803618

1134787542126972998

1134780713720360960

1116265654077624360

903690362114158632

1134790500625436673

1134783069522493460

1134787954947141632

1134786725978320906

1134789458592534609

1134788845037170799

1134788144198324325

1134786422751109130

1134785718405824512

1115864071644925953

1131553504771723325

1132845562648068096

1117819733681647666

1134784960436379651

1134784369656082473

1115913313268805642

1134790083392847935

1134781269570506763

1134786265942855721

1134780642392035388

1134787299658440805

1135023466005938197

1126501230286483506

1108550017276465264

878984328569323520

1041801815529902150

905053955195830303

1134789848394375229

1134786860233789513

1134787837561151498

1134782920746348614

1134784370499125258

1134786768395321404

1134784182233604176

1134786599830437928

1134790433084551168

1134788976125947924

1144860871584120842

1123106340521377794

1134787851440099460

1134790425987797022

1136339104280350832

1134787176119406644

1135977376841469993

1134788428953821206

1134787361692192821

1134788489729282068

1134789770959147030

1125607343128850432

1134786855141916692

875475406092918845

1134788251169861693

1134789523130290227

1123487152236396544

1134787884919037962

1134788316634562662

1134789414581698651

1134788310674456607

1134783319108751421

1134788563666477127

1134787963524489259

1134784284096471060

1134783525820846151

1134785073187672115

1144860170514595901

1134784148020678728

1111633202952544398

1134429427724456038

1134787695302955028

1134789256452259902

1134784190886449172

1134787881160949830

1134788815865786448

1134788446762844170

925063542737100821

1134787972177338409

1134786748350726235

1134788767278964786

1134786881788317786

1134787476163145888

1144874654285172788

1134789596488675358

1134787287813718068

1134784022703247532

1134786887375147050

1126192780121743424

1134785214044975125

1134783006146568234

1134789936025972767

1126500647160774686

1134786059193040956

1134785999080280225

1134787103293706260

1154808126046998559

1134788200112603146

1134788234858221589

1102914971224002611

1124423374127497216

1134787617863503883

1134780986362699827

1134789818509971538

1134782895261745263

1115166548940828813

1134789456906440755

1134787917663961181

1101297874286944336

1134789397267623967

1134785304495128596

1134784844979781673

1134788285122752654

1131800220741685308

1112762221420892230

1134789953126154320

1134785670938898482

1134783261294477312

1120114903198482502

1134788446259531847

1117876118649831515

1134785028069527562

1136013389882212492

1134787705184731258

1134789295132131368

1134785274786885654

1134782419279548457

1132102059697655829

1134787602675925002

1135135639113838602

1122514273688617053

1134789591489064990

1134787887364313151

1134789719696343120

1134785300032393236

876683275811315723

1134786976613138524

1135386153151905922

1134780771593375794

1134783779999858688

1134783532342980640

1134788661687369748

1134787331384152085

1134786528678248570

1134788855724245002

1134784226823258202

1134785422514454538

1101181749679112203

1134789505245790272

1134787460786814976

1134786648194953276

1134785090946347069

1134789303009034281

1145216397039906906

1134789545313980416

1134784106518024282

1134783816553209886

1134787849712050346

1126402158842101820

1134787129856249926

1134786073097142274

1134783290633621504

1134781155216990298

1134785565020127312

1134782503543132231

894143813860339732

1135414226219978832

1134789410899116053

1126468225929052280

1145252270766817360

1134787542433149009

888536161784582174

1134788598881861722

1113757359790108694

1134784726440361984

1134786254265925742

1134786856446341130

1134785783325265922

1134789147027054664

1134790564726984785

1125669976318156831

1134788048010358804

1134787603393151007

1109960625335050331

1110681410437652570

1134784811475669052

1134783994194567279

1144864853270474782

1134786434570666005

1134788178759389286

1120330234143723610

1134295898160115812

1135140335060791306

1125606561306394634

1134785680258642031

1152976546441724008

1114199219922800802

1123360935051001957

1134787046863540295

1135008900983292006

1132299280057647134

1111376185448988682

1134784653832753232

1134787954989072434

1104843862389837957

1134785950933848175

1142581705434214430

1134787309280178209

1112155924493258874

1134789998294601788

1134784672728100935

1134784713073111070

1134787724025544766

1134790388864000083

1134787205760561253

1134788380723511406

1136082214325604374

1134788392685670411

927125946094469130

1134786961324904489

1134785323239493654

1136214685423763456

1134992072294793256

1134787808897273938

1134784584224079974

1134783431327363123

1134784963661807676
